$ 1 0.000005 3.7524723159601 69 5 43
t 352 512 320 512 0 1 -5.108910596201726 0.5069454352354823 100
t 416 544 384 544 0 -1 4.362183786571954 -0.5289056172263198 100
t 480 576 448 576 0 1 -5.3422394514749465 0.5270860739437238 100
t 544 608 512 608 0 -1 4.127856003186252 -0.5299045453388018 100
t 608 640 576 640 0 1 -5.607903213286988 0.5282650607899355 100
t 672 672 640 672 0 -1 3.860978639141102 -0.5311181475719096 100
t 736 704 704 704 0 1 -5.7498165556488114 0.5065764338830849 100
t 800 736 768 736 0 -1 3.7183104835454457 -0.5318729608057429 100
w 352 512 368 512 0
w 368 512 368 528 0
w 368 528 384 528 0
w 320 496 304 496 0
w 304 496 304 432 0
r 368 512 368 432 0 33000
w 480 576 496 576 0
w 496 576 496 592 0
w 496 592 512 592 0
w 608 640 624 640 0
w 624 640 624 656 0
w 624 656 640 656 0
w 736 704 752 704 0
w 752 704 752 720 0
w 752 720 768 720 0
w 496 576 496 512 0
w 624 640 624 512 0
w 752 704 752 512 0
r 496 512 496 432 0 33000
r 624 512 624 432 0 33000
r 752 512 752 432 0 33000
w 416 544 832 544 0
w 544 608 832 608 0
w 672 672 832 672 0
w 800 736 832 736 0
r 832 736 832 672 0 200
r 832 672 832 608 0 375
r 832 608 832 544 0 330
w 320 528 320 544 0
r 320 544 240 544 0 10000
w 448 592 448 608 0
w 448 608 320 608 0
w 576 656 576 672 0
w 576 672 320 672 0
w 704 720 704 736 0
w 704 736 320 736 0
r 320 608 240 608 0 2700
r 320 672 240 672 0 800
r 832 736 832 800 0 5200
g 832 800 832 816 0
g 768 752 768 816 0
g 640 688 640 816 0
g 512 624 512 816 0
g 384 560 384 816 0
w 320 736 240 736 0
w 240 736 240 672 0
w 240 672 240 608 0
w 240 608 240 544 0
w 704 688 704 432 0
w 576 624 576 432 0
w 448 560 448 432 0
w 752 432 704 432 0
w 704 432 624 432 0
w 624 432 576 432 0
w 576 432 496 432 0
w 496 432 448 432 0
w 448 432 368 432 0
w 368 432 304 432 0
R 304 432 272 432 0 0 40 10 0 0 0.5
g 368 384 368 400 0
r 368 384 368 320 0 33000
t 352 320 320 320 0 -1 5.108580921541426 1.3649739115669033 100
t 416 288 384 288 0 1 -4.362412452743278 0.5290066257152954 100
t 480 256 448 256 0 -1 5.3417947436259485 1.5981877332911116 100
t 544 224 512 224 0 1 -4.12808262987633 0.5301226264977217 100
t 608 192 576 192 0 -1 5.607466213455944 1.863859203027327 100
t 672 160 640 160 0 1 -3.861197728263689 0.5313360582803668 100
t 736 128 704 128 0 -1 5.7495158918509075 2.005908881382804 100
t 800 96 768 96 0 1 -3.7185226324593117 0.5319614756897808 100
w 352 320 368 320 0
w 368 320 368 304 0
w 368 304 384 304 0
w 480 256 496 256 0
w 496 256 496 240 0
w 496 240 512 240 0
w 608 192 624 192 0
w 624 192 624 176 0
w 624 176 640 176 0
w 736 128 752 128 0
w 752 128 752 112 0
w 752 112 768 112 0
w 496 256 496 320 0
w 624 192 624 320 0
w 752 128 752 320 0
r 496 320 496 384 0 33000
r 624 320 624 384 0 33000
r 752 320 752 384 0 33000
w 416 288 832 288 0
r 832 288 832 544 0 1800
w 448 272 448 384 0
w 576 208 576 384 0
w 704 144 704 384 0
g 448 384 448 400 0
g 496 384 496 400 0
g 576 384 576 400 0
g 624 384 624 400 0
g 704 384 704 400 0
g 752 384 752 400 0
w 544 224 832 224 0
w 672 160 832 160 0
w 800 96 832 96 0
r 832 288 832 224 0 330
r 832 224 832 160 0 375
r 832 160 832 96 0 200
r 832 96 832 16 0 5200
w 768 80 768 16 0
w 640 144 640 16 0
w 512 208 512 16 0
w 384 272 384 16 0
w 832 16 768 16 0
w 768 16 640 16 0
w 640 16 512 16 0
w 512 16 384 16 0
R 384 16 352 16 0 0 40 10 0 0 0.5
w 320 304 320 288 0
r 320 288 240 288 0 10000
w 448 240 448 224 0
w 448 224 320 224 0
w 576 176 576 160 0
w 576 160 320 160 0
w 704 112 704 96 0
w 704 96 320 96 0
w 320 96 240 96 0
w 240 288 240 544 0
r 320 224 240 224 0 2700
r 320 160 240 160 0 800
O 240 736 240 784 0
r 240 672 160 672 0 1000
w 240 96 240 160 0
w 240 160 240 224 0
w 240 224 240 288 0
R 160 672 96 672 0 3 20 2 5 0 0.5
w 320 336 320 384 0
g 320 384 320 400 0
o 139 64 0 2082 10 0.000390625 0 -1 0
o 134 64 0 2082 8.749002899132048 4.8828125e-105 0 -1 0
o 37 64 0 2081 0.625 0.00009765625 1 -1 0
o 44 64 0 2081 0.3125 0.0001953125 1 -1 0
o 45 64 0 2081 0.078125 0.0001953125 1 -1 0
o 52 64 0 2083 10 0.000390625 1 -1 0
o 123 64 0 2081 0.625 0.00009765625 2 -1 0
o 132 64 0 2081 0.3125 0.0001953125 2 -1 0
o 133 64 0 2081 0.078125 0.0001953125 2 -1 0
o 130 64 0 2083 10 0.000390625 2 -1 0

